a 14063 0 1 20
l 0 14066 1 1000
l 2 5439 1 5000
l 2 33003 1 5000
l 2 28801 1 5000
a 27656 0 1 20
a 19014 0 6 20
a 19032 0 1 20
l 2 19016 1 700
a 28803 0 4 20
l 2 28801 1 5
a 19401 0 1 20
l 1 19408 1 100
l 2 19408 1 1000
a 17944 0 10 20
l 2 17929 1 50
a 9336 0 5 20
l 1 9351 1 100
a 9333 0 5 20
l 2 9331 1 100
l 2 3900 1 100
a 9337 0 5 20
l 1 9351 1 200
a 5324 0 20 14
a 2014 0 1 20
l 2 2007 1 1500
l 2 17808 1 1500
l 2 19403 1 1500
a 1958 0 5 20
a 1959 0 5 20
a 1960 0 5 20
a 1962 0 5 20
a 19202 0 3 20
l 2 19202 1 20
a 33016 0 2 20
a 33000 0 2 20
a 10931 0 10 20
a 10951 0 1 20
a 33026 0 10 20
a 27629 0 10 20
a 3705 0 3 15
l 2 3720 1 300
l 2 33006 1 200
a 5415 0 1 20
a 5416 0 1 20
a 5417 0 1 20
a 19013 0 3 20
a 11202 0 4 20
a 29076 0 5 20
a 29077 0 5 20
a 29079 0 5 20
a 29080 0 5 20
a 29081 0 5 20
a 29202 0 5 20
a 29051 0 1 20
a 29028 0 1 20
l 2 2891 1 1000
l 2 17925 1 1000
l 2 28584 1 1500
l 2 28086 1 1500
a 29253 0 1 20
l 2 18362 1 1000
l 2 18361 1 1001
l 2 878 1 1500
l 2 65 1 800
a 29401 0 3 20
l 2 27567 1 500
l 2 1953 1 1000
l 2 1952 1 1200
l 2 1951 1 1100
l 2 18363 1 800
a 29105 0 10 20
l 2 8201 1 20
l 2 15902 1 10
l 2 8206 1 20
l 2 8208 1 15
l 2 2005 1 30
a 29072 0 10 20
l 2 14013 1 20
l 2 537 1 20
l 2 28591 1 20
l 2 17168 1 20
l 2 884 1 20
l 2 11137 1 10
a 29902 0 1 20
l 2 8201 1 1000
l 2 5434 1 500
l 2 28591 1 900
a 29049 0 1 20
l 2 1301 1 900
l 2 1302 1 900
l 2 1701 1 1500
l 2 27781 1 600
a 29052 0 1 20
l 2 1758 1 600
a 2891 0 1 20
a 29050 0 1 20
l 2 11137 1 900
l 2 5439 1 900
a 29807 0 1 20
l 2 11137 1 1000
l 2 2891 1 1000
a 29300 0 1 20
l 2 910 1 800
l 2 912 1 600
l 2 916 1 500
a 29804 0 2 20
l 2 17929 1 800
a 29101 0 1 20
l 2 8216 1 500
l 2 11135 1 1000
l 2 43060 1 300
a 29019 0 1 20
l 2 1758 1 1500
l 2 9320 1 1700
a 29043 0 1 20
l 2 11132 1 1000
l 2 33015 1 600
l 2 6771 1 700
a 29808 0 1 20
l 2 33001 1 1500
a 29601 0 1 20
l 2 885 1 1000
l 2 4502 1 900
l 2 1775 1 1100
a 29022 0 1 20
l 2 2025 1 600
a 29852 0 1 20
l 2 10941 1 1000
l 2 10942 1 1300
